$ANSIBLE_VAULT;1.1;AES256
62646436353931623939333666376337323366666338343130613661646162366530303462393665
3763653564313263323134643134333234393665353138640a663237643831366265623763646638
66666162326535373262393934313338613639623663353166633633353630393339313930393239
3163653961616230370a373535313632353037353161343261653032616537383066616133633737
65353062613365633838333661353766623739383264653239653164363234396637303339643731
37646362333962363336663931653161363664376161313030666233363032333936383363303864
30623262306433316336353131386338383764376235333637623334653231666436396562393563
62653735343637333134363231306462333362346335393763346631393364313866326131316133
32363734613466303963656230323462333764343963653833643138346361653863363965373733
65386434366561346438316331353434363037393166613634303236633535336338666639356465
33383964663566373964353831613836383866663963313463626136666233363132663462353664
35323265303431613263333163323439313638623334633630383534396561373632613164343561
3630
